-5.212238089901592708e-02
-2.099989315034282433e-01
4.997508225425839612e-02
-1.937852123221490974e-01
1.105150004159124455e-01
1.818161773453744190e-01
-3.167164671748661786e-01
-4.099545173007566046e-01
4.206302690066898720e-01
-1.943904528437158108e-01
3.332222591540494050e-01
-3.395026208642852872e-01
-7.304936123012397697e-01
-4.103187399889689502e-01
-2.071595339334364183e-01
-3.759366741996009731e-01
-4.149545822005993867e-01
7.219635610464015807e-01
-5.003145303987834025e-02
1.700311065799137711e-01
3.001147092235788572e-01
-1.876234082155365801e-01
-1.915474528588640979e-01
-1.930262691963357813e-01
-4.378325591712972642e-01
1.168305047423728871e-02
7.090665188846587697e-01
-7.773072485983856250e-01
-3.587044711641960149e-01
-1.214105089216377109e-01
5.032276790335388217e-01
5.813494548302700071e-02
4.641932950402636454e-02
-4.689617513801178639e-01
-1.691154407916746205e-01
-2.291671233921310780e-02
-1.985732544926755161e-01
-1.697984754560723786e-01
5.643314059964976703e-01
-6.482451539333868862e-01
-4.478955928782666907e-01
-5.071319253206099109e-01
1.829121633549393999e-01
-3.391033541094656822e-01
-2.801712723330083282e-02
3.430871403667478114e-01
3.008645278439949222e-01
2.020809275080632239e-01
7.203652824182460446e-02
-1.259408202341697480e-01
2.318339208899512227e-01
4.591127388746059079e-01
6.365618631333586075e-03
3.999525266427318981e-01
-5.772631392278738671e-01
2.061889291874331176e-01
9.135087998675893439e-02
1.000000000000000000e+00
-9.401866886628187370e-01
-2.633392447828672434e-01
4.004368922905292560e-01
6.744505293069338325e-01
1.290745284141692206e-03
3.693697118635634880e-01
-5.381270966190409011e-01
7.651156374997333254e-01
3.813059729042480583e-01
-4.091216634287688780e-01
1.000000000000000000e+00
1.085483822554676459e-01
-6.898977228942801965e-01
4.800730805863080430e-01
1.682093205486225873e-01
3.726686342711522659e-01
-8.751913719299893313e-02
3.577697813426610751e-01
1.073332491902189989e-01
-4.618117400684099705e-01
-3.710643653398856268e-01
2.243003400897780608e-01
-4.328860263732870473e-01
3.190603798904089183e-01
2.864026359983378178e-01
2.408943828702033163e-01
-3.084186865977524006e-01
-3.390021943964469098e-01
-6.991410017748904693e-01
4.271689930208637520e-01
5.179543551684144820e-01
-1.375658211068247483e-01
5.690387864927953787e-01
-5.899970289687315184e-01
8.238887234422666017e-01
-6.709958777870431157e-02
-1.024447882750092326e-01
-1.000000000000000000e+00
8.854002683988038136e-01
7.555561871614505098e-02
-2.653584988331755268e-01
-5.897867419060132121e-01
-1.000000000000000000e+00
-6.625392255166828726e-02
1.664730456587078244e-01
2.441259085624675751e-01
5.888043602904585727e-02
6.834018631801694332e-02
2.699956390304974474e-01
-6.264970991884295515e-01
2.120398591027836677e-01
1.067775312421477274e-01
2.664258497619386157e-01
-3.456916555397688828e-01
2.082955061238838113e-01
-8.673016282755766637e-01
-7.634312495055500802e-01
2.307054423632526607e-01
-3.613718464973255662e-01
3.106533171127567883e-02
-3.317293528606135578e-01
1.562114298451728889e-01
5.973666730911391110e-01
3.289946128778097056e-02
4.601925678506060269e-01
-3.720105564858472991e-01
1.000000000000000000e+00
-2.389261762166189629e-01
1.432843353436620559e-01
-3.711252784106873204e-01
-3.424964185024437224e-01
1.133941961965084233e-01
2.569274166544811000e-01
1.452379995947539193e-02
5.660557030237756138e-02
2.206894582553409478e-01
1.374624603005160928e-01
8.807895506916268991e-02
-6.825583840017799275e-01
-3.090609229291086529e-02
-8.308736214128241704e-01
1.582681871688815800e-01
4.117074875609052498e-01
-7.212854904131975609e-01
5.724978389013936075e-01
1.000000000000000000e+00
-1.000000000000000000e+00
-1.739066378850021022e-01
-1.696487201735643324e-01
1.183341291213447222e-01
4.826367875817901831e-01
-1.495234915957483965e-02
1.000000000000000000e+00
-6.087395897805827349e-01
-5.334742603164697172e-01
-1.739585022250285384e-01
3.062576291609179213e-01
-4.440594451135225218e-01
-1.000000000000000000e+00
-5.025884567539437020e-01
-3.404925164171266339e-01
-1.000000000000000000e+00
1.881921616271187425e-01
4.037269397347083011e-01
-3.220048760670404242e-01
-2.138941149085022558e-02
3.483037779896738240e-01
-1.000000000000000000e+00
-9.092836870894679957e-02
1.000000000000000000e+00
2.169853250591057825e-01
2.585102806911752926e-02
-9.716483244000667652e-01
1.329898630947642935e-01
3.457552842535442372e-01
-1.869829857073736779e-01
-4.251738316416753261e-01
-3.343776919311106099e-02
-3.265214190238871494e-02
3.918969544529312676e-01
4.650139616177453861e-02
-9.340248284761022701e-02
-3.275333262559473879e-02
5.011274865051017491e-01
-1.326332629948454300e-01
-7.235940372570626167e-02
-7.247143887979644317e-02
2.649772671400976720e-02
5.658156691374045533e-01
-1.000000000000000000e+00
-1.228689433448813539e-01
-1.669382276350458438e-01
1.294818655413325359e-02
-4.484013365091767400e-01
7.474495406477115189e-01
2.918749036770259542e-01
-4.937508420709590951e-01
-3.460981649548987016e-01
-8.594768906670551267e-01
1.218057697857536370e-01
-4.325522318179368386e-01
-1.000000000000000000e+00
5.382045802672888457e-03
7.463847485580672458e-01
3.430187226831056813e-01
-1.000000000000000000e+00
6.675814421479124849e-01
4.470387433486244233e-01
1.090008299799873348e-01
1.024079690311560514e-01
5.909897549588638554e-01
9.388406124139598852e-01
-4.672262129156983801e-01
1.946296517704358964e-01
-1.000000000000000000e+00
3.435113404492844413e-01
-3.153573901551601222e-02
-5.966211011064909142e-01
4.999455177559202768e-01
8.938696218333890275e-01
7.681209567903549140e-02
7.987959857532264674e-02
-1.146438016439484398e-01
-2.780935636239836861e-03
-7.949054286507555300e-01
8.828435506870939697e-01
-7.702905309185066329e-01
-5.290393167924916096e-01
-1.198960852810019850e-01
-2.833595579819713772e-01
-1.000000000000000000e+00
-2.866541144680646580e-01
5.443790062590811996e-01
2.371438828285987038e-02
1.000000000000000000e+00
6.210543408692330569e-01
-3.945263092247318637e-01
4.429675303346218840e-01
3.285087199481370734e-01
-1.355421758036449154e-01
-2.015859247140700250e-01
-4.393641511785155163e-01
1.000000000000000000e+00
2.047108669872432785e-01
4.722082093032794470e-01
-1.449622651194883982e-01
-2.273874556114560130e-01
2.079012868008023873e-01
-1.278181703493716515e-01
-4.583165548638222786e-01
1.004777499463710144e-01
3.524610120130139412e-01
-2.201229800256049307e-01
6.164747369926796283e-01
2.986881558902607647e-01
5.779172507103650380e-01
-2.016993393409001745e-01
-2.011543155511584524e-02
2.384447119445359253e-01
4.316470046257989690e-01
7.132889506674836566e-01
1.000000000000000000e+00
6.701731960681271694e-02
5.818373200278299517e-01
7.353297098089661699e-02
8.090620258654184216e-01
-1.270058367337077998e-01
