
 RUN 0 GENERATION 0  -50.0  39.013548  -4.641955  6.314118
 RUN 0 GENERATION 1  -50.0  39.319827  1.91435  15.338221
 RUN 0 GENERATION 2  -40.0  47.983843  12.817282  18.172155
 RUN 0 GENERATION 3  -40.0  48.139214  33.733169  8.903776
 RUN 0 GENERATION 4  -30.0  57.2699  39.972439  3.242972
 RUN 0 GENERATION 5  -30.0  57.2699  40.640413  3.808728
 RUN 0 GENERATION 6  -30.0  57.2699  41.654111  4.560287
 RUN 0 GENERATION 7  -10.0  75.213103  43.180218  6.233952
 RUN 0 GENERATION 8  -10.0  75.213103  44.071838  6.606317
 RUN 0 GENERATION 9  -10.0  75.213103  45.769095  7.116188
 RUN 0 GENERATION 10  46.0  88.739214  47.958461  8.338508
 RUN 0 GENERATION 11  46.0  88.739214  49.923533  8.151883
 RUN 0 GENERATION 12  46.0  88.739214  51.880794  8.2771
 RUN 0 GENERATION 13  100.0  94.900134  53.986628  9.707206
 RUN 0 GENERATION 14  100.0  94.900134  54.883143  9.938086
 RUN 0 GENERATION 15  100.0  94.900134  55.51364  10.088818
 RUN 0 GENERATION 16  100.0  94.900134  56.238512  10.17201
 RUN 0 GENERATION 17  100.0  94.900134  56.600493  10.274938
 RUN 0 GENERATION 18  100.0  94.900134  57.682345  10.34288
 RUN 0 GENERATION 19  100.0  94.900134  58.668102  10.115461
 RUN 0 GENERATION 20  100.0  94.900134  59.115848  9.912249
 RUN 0 GENERATION 21  100.0  94.900134  59.56009  9.926241
 RUN 0 GENERATION 22  100.0  94.900134  60.691363  10.006641
 RUN 0 GENERATION 23  100.0  94.900134  61.944595  9.545853
 RUN 0 GENERATION 24  100.0  94.900134  63.07772  9.95194
 RUN 0 GENERATION 25  100.0  94.900134  63.965376  9.19335
 RUN 0 GENERATION 26  100.0  94.900134  64.86425  9.856547
 RUN 0 GENERATION 27  100.0  94.900134  65.315537  9.856571
 RUN 0 GENERATION 28  100.0  94.900134  65.942637  9.756281
 RUN 0 GENERATION 29  100.0  94.900134  66.946147  10.052239
 RUN 1 GENERATION 0  -30.0  57.2699  -2.561241  11.172291
 RUN 1 GENERATION 1  -30.0  57.2699  7.742786  17.764371
 RUN 1 GENERATION 2  -30.0  57.2699  27.859826  14.998753
 RUN 1 GENERATION 3  -20.0  66.013548  40.907269  5.453728
 RUN 1 GENERATION 4  -20.0  66.013548  42.177612  6.279759
 RUN 1 GENERATION 5  -20.0  66.250607  43.443271  7.027676
 RUN 1 GENERATION 6  -20.0  66.250607  44.799138  7.132003
 RUN 1 GENERATION 7  -20.0  66.250607  45.804758  7.09965
 RUN 1 GENERATION 8  -20.0  66.250607  47.52298  6.791051
 RUN 1 GENERATION 9  -20.0  66.250607  48.50513  6.360631
 RUN 1 GENERATION 10  -20.0  66.250607  49.304095  5.92957
 RUN 1 GENERATION 11  -20.0  66.250607  50.100061  5.204602
 RUN 1 GENERATION 12  100.0  94.852506  51.101657  6.388232
 RUN 1 GENERATION 13  100.0  94.852506  51.383035  6.437977
 RUN 1 GENERATION 14  100.0  94.852506  52.308685  7.976752
 RUN 1 GENERATION 15  100.0  94.852506  53.708483  9.647224
 RUN 1 GENERATION 16  100.0  94.852506  53.708584  9.647165
 RUN 1 GENERATION 17  100.0  94.852506  54.253823  9.905862
 RUN 1 GENERATION 18  100.0  94.852506  54.996113  10.615143
 RUN 1 GENERATION 19  100.0  94.852506  55.087782  10.593702
 RUN 1 GENERATION 20  100.0  94.852506  55.98685  10.642445
 RUN 1 GENERATION 21  100.0  94.852506  56.168502  10.659987
 RUN 1 GENERATION 22  100.0  94.852506  56.440836  10.795438
 RUN 1 GENERATION 23  100.0  94.852506  57.351391  10.582533
 RUN 1 GENERATION 24  100.0  94.852506  57.896647  10.554689
 RUN 1 GENERATION 25  100.0  94.852506  58.62665  10.315333
 RUN 1 GENERATION 26  100.0  94.852506  58.978127  10.246601
 RUN 1 GENERATION 27  100.0  94.852506  59.810786  10.626426
 RUN 1 GENERATION 28  100.0  94.852506  60.353087  10.548689
 RUN 1 GENERATION 29  100.0  94.852506  60.537872  10.41126
 RUN 2 GENERATION 0  -40.0  48.013548  -2.651738  9.291426
 RUN 2 GENERATION 1  -40.0  48.013548  4.241206  15.006104
 RUN 2 GENERATION 2  -10.0  75.013548  24.064043  15.176219
 RUN 2 GENERATION 3  -10.0  75.013548  34.429573  10.041472
 RUN 2 GENERATION 4  -10.0  75.013548  40.745193  5.037939
 RUN 2 GENERATION 5  -10.0  75.013548  41.284076  5.591103
 RUN 2 GENERATION 6  -10.0  75.013548  41.560903  5.690579
 RUN 2 GENERATION 7  -10.0  75.013548  42.197877  5.867216
 RUN 2 GENERATION 8  -10.0  75.2699  43.114529  6.764128
 RUN 2 GENERATION 9  -10.0  75.2699  43.658255  6.771906
 RUN 2 GENERATION 10  -10.0  75.2699  44.741142  6.889418
 RUN 2 GENERATION 11  -10.0  75.2699  45.907114  6.57803
 RUN 2 GENERATION 12  -10.0  75.2699  47.256753  6.334151
 RUN 2 GENERATION 13  -10.0  75.2699  48.765867  5.772995
 RUN 2 GENERATION 14  -10.0  75.2699  49.385904  5.153671
 RUN 2 GENERATION 15  -10.0  75.2699  49.835443  5.104795
 RUN 2 GENERATION 16  -10.0  75.2699  49.925851  5.150946
 RUN 2 GENERATION 17  -10.0  75.2699  50.105851  5.389937
 RUN 2 GENERATION 18  -10.0  75.2699  50.651886  6.156666
 RUN 2 GENERATION 19  -10.0  75.2699  51.472166  6.84882
 RUN 2 GENERATION 20  100.0  94.785064  52.391431  8.491666
 RUN 2 GENERATION 21  100.0  94.785064  52.936558  8.86364
 RUN 2 GENERATION 22  100.0  94.785064  53.48296  9.184364
 RUN 2 GENERATION 23  100.0  94.785064  53.753242  9.241667
 RUN 2 GENERATION 24  100.0  94.785064  54.296898  9.50499
 RUN 2 GENERATION 25  100.0  94.785064  54.750733  9.753158
 RUN 2 GENERATION 26  100.0  94.785064  55.20586  9.808881
 RUN 2 GENERATION 27  100.0  94.790514  56.598091  11.19865
 RUN 2 GENERATION 28  100.0  94.790514  57.231826  11.38669
 RUN 2 GENERATION 29  100.0  94.790514  57.415094  11.380862
 RUN 3 GENERATION 0  -40.0  47.983843  -3.169078  9.599007
 RUN 3 GENERATION 1  -40.0  47.983843  3.793169  15.73725
 RUN 3 GENERATION 2  -30.0  57.018586  17.525771  17.884095
 RUN 3 GENERATION 3  -30.0  57.018586  33.516752  10.236
 RUN 3 GENERATION 4  -30.0  57.125069  40.220275  3.740855
 RUN 3 GENERATION 5  -30.0  57.125069  40.405195  3.891441
 RUN 3 GENERATION 6  -30.0  57.125069  40.875485  4.204538
 RUN 3 GENERATION 7  -10.0  75.2699  42.334654  6.410551
 RUN 3 GENERATION 8  -10.0  75.2699  43.161267  7.212197
 RUN 3 GENERATION 9  -10.0  75.2699  43.709036  7.331635
 RUN 3 GENERATION 10  -10.0  75.2699  44.424697  7.499207
 RUN 3 GENERATION 11  -10.0  75.2699  45.051825  8.027133
 RUN 3 GENERATION 12  100.0  94.900134  46.868405  10.46878
 RUN 3 GENERATION 13  100.0  94.900134  47.136104  10.382508
 RUN 3 GENERATION 14  100.0  94.900134  48.738585  10.331416
 RUN 3 GENERATION 15  100.0  94.900134  49.714084  9.948379
 RUN 3 GENERATION 16  100.0  94.900134  51.336396  10.711579
 RUN 3 GENERATION 17  100.0  94.900134  52.569294  10.177635
 RUN 3 GENERATION 18  100.0  94.900134  53.39712  10.138564
 RUN 3 GENERATION 19  100.0  94.900134  53.669161  10.189775
 RUN 3 GENERATION 20  100.0  94.900134  54.12725  10.126497
 RUN 3 GENERATION 21  100.0  94.900134  54.688896  10.870029
 RUN 3 GENERATION 22  100.0  94.900134  54.963154  10.885421
 RUN 3 GENERATION 23  100.0  94.900134  55.418231  11.073823
 RUN 3 GENERATION 24  100.0  94.900134  55.958071  11.211296
 RUN 3 GENERATION 25  100.0  94.900134  56.402921  11.062888
 RUN 3 GENERATION 26  100.0  94.900134  56.67308  10.964187
 RUN 3 GENERATION 27  100.0  94.900134  57.594677  11.449624
 RUN 3 GENERATION 28  100.0  94.900134  57.860047  11.32649
 RUN 3 GENERATION 29  100.0  94.900134  59.133436  11.624725
 RUN 4 GENERATION 0  -50.0  39.179917  -0.305624  12.742777
 RUN 4 GENERATION 1  -30.0  57.250607  10.537149  18.619752
 RUN 4 GENERATION 2  100.0  94.852506  30.141649  14.900544
 RUN 4 GENERATION 3  100.0  94.852506  38.893346  9.150477
 RUN 4 GENERATION 4  100.0  94.852506  42.413821  9.342599
 RUN 4 GENERATION 5  100.0  94.852506  43.045242  9.651234
 RUN 4 GENERATION 6  100.0  94.852506  44.407436  9.784477
 RUN 4 GENERATION 7  100.0  94.852506  45.672411  9.753947
 RUN 4 GENERATION 8  100.0  94.852506  47.479289  9.942936
 RUN 4 GENERATION 9  100.0  94.852506  48.637201  9.405149
 RUN 4 GENERATION 10  100.0  94.852506  49.617659  8.992236
 RUN 4 GENERATION 11  100.0  94.852506  51.308204  8.398168
 RUN 4 GENERATION 12  100.0  94.852506  51.583945  8.431762
 RUN 4 GENERATION 13  100.0  94.852506  52.489021  8.957182
 RUN 4 GENERATION 14  100.0  94.852506  52.671177  8.956678
 RUN 4 GENERATION 15  100.0  94.852506  53.205966  9.186521
 RUN 4 GENERATION 16  100.0  94.852506  53.6599  9.408579
 RUN 4 GENERATION 17  100.0  94.852506  54.198132  9.58836
 RUN 4 GENERATION 18  100.0  94.852506  54.734763  9.811844
 RUN 4 GENERATION 19  100.0  94.852506  55.369685  9.967114
 RUN 4 GENERATION 20  100.0  94.852506  55.547414  9.912838
 RUN 4 GENERATION 21  100.0  94.852506  55.722711  9.855448
 RUN 4 GENERATION 22  100.0  94.852506  56.258791  9.984929
 RUN 4 GENERATION 23  100.0  94.852506  57.720334  10.83555
 RUN 4 GENERATION 24  100.0  94.852506  58.345354  10.738649
 RUN 4 GENERATION 25  100.0  94.852506  59.146937  10.712614
 RUN 4 GENERATION 26  100.0  94.852506  60.048291  10.642979
 RUN 4 GENERATION 27  100.0  94.852506  61.267169  10.445822
 RUN 4 GENERATION 28  100.0  94.852506  62.271737  10.707595
 RUN 4 GENERATION 29  100.0  94.852506  62.893844  10.267701
 RUN 5 GENERATION 0  -40.0  47.974134  -2.744454  9.172762
 RUN 5 GENERATION 1  -30.0  57.122264  5.164682  14.853111
 RUN 5 GENERATION 2  -30.0  57.122264  20.402186  14.150022
 RUN 5 GENERATION 3  -30.0  57.122264  32.390309  10.997212
 RUN 5 GENERATION 4  -20.0  66.075744  40.658744  6.852797
 RUN 5 GENERATION 5  100.0  94.795993  42.943155  8.158378
 RUN 5 GENERATION 6  100.0  94.795993  43.582924  8.368321
 RUN 5 GENERATION 7  100.0  94.795993  44.761172  9.380119
 RUN 5 GENERATION 8  100.0  94.795993  45.672522  9.386562
 RUN 5 GENERATION 9  100.0  94.795993  47.022023  9.668778
 RUN 5 GENERATION 10  100.0  94.795993  48.900535  9.647634
 RUN 5 GENERATION 11  100.0  94.795993  49.699293  9.505084
 RUN 5 GENERATION 12  100.0  94.900134  51.589553  9.899863
 RUN 5 GENERATION 13  100.0  94.900134  52.297142  9.371673
 RUN 5 GENERATION 14  100.0  94.900134  52.930212  9.110741
 RUN 5 GENERATION 15  100.0  94.900134  52.938746  9.106163
 RUN 5 GENERATION 16  100.0  94.900134  53.754416  9.636057
 RUN 5 GENERATION 17  100.0  94.900134  53.755811  9.635227
 RUN 5 GENERATION 18  100.0  94.900134  53.939685  9.609063
 RUN 5 GENERATION 19  100.0  94.900134  54.802711  10.423361
 RUN 5 GENERATION 20  100.0  94.900134  54.983506  10.46019
 RUN 5 GENERATION 21  100.0  94.900134  55.705839  10.573999
 RUN 5 GENERATION 22  100.0  94.900134  55.80084  10.542806
 RUN 5 GENERATION 23  100.0  94.900134  56.244522  10.544755
 RUN 5 GENERATION 24  100.0  94.900134  57.434874  11.258819
 RUN 5 GENERATION 25  100.0  94.900134  57.797256  11.314072
 RUN 5 GENERATION 26  100.0  94.900134  58.158012  11.211342
 RUN 5 GENERATION 27  100.0  94.900134  58.428479  11.145072
 RUN 5 GENERATION 28  100.0  94.900134  58.787262  11.094613
 RUN 5 GENERATION 29  100.0  94.900134  59.329642  11.217337
 RUN 6 GENERATION 0  -50.0  39.013548  -2.971069  8.008116
 RUN 6 GENERATION 1  -40.0  48.013548  7.770876  14.572213
 RUN 6 GENERATION 2  -30.0  57.188859  22.489725  10.19685
 RUN 6 GENERATION 3  -30.0  57.188859  29.103536  9.930879
 RUN 6 GENERATION 4  -30.0  57.188859  37.553395  7.866928
 RUN 6 GENERATION 5  -20.0  66.194865  41.836465  4.8899
 RUN 6 GENERATION 6  -20.0  66.194865  43.379927  5.618287
 RUN 6 GENERATION 7  -20.0  66.194865  44.652028  5.494539
 RUN 6 GENERATION 8  -20.0  66.197882  46.190431  6.240068
 RUN 6 GENERATION 9  -20.0  66.197882  47.436293  5.697861
 RUN 6 GENERATION 10  -20.0  66.197882  48.413715  5.219379
 RUN 6 GENERATION 11  -20.0  66.197882  49.381433  4.129547
 RUN 6 GENERATION 12  -10.0  75.013548  49.660523  4.84772
 RUN 6 GENERATION 13  24.0  86.533532  50.230302  6.150878
 RUN 6 GENERATION 14  24.0  86.533532  50.693346  6.693316
 RUN 6 GENERATION 15  24.0  86.533532  51.054884  6.782036
 RUN 6 GENERATION 16  24.0  86.533532  51.058937  6.780274
 RUN 6 GENERATION 17  100.0  94.785064  51.616702  8.059184
 RUN 6 GENERATION 18  100.0  94.918596  52.73834  10.138387
 RUN 6 GENERATION 19  100.0  94.918596  52.830305  10.136822
 RUN 6 GENERATION 20  100.0  94.918596  53.013313  10.130121
 RUN 6 GENERATION 21  100.0  94.918596  53.373392  10.181988
 RUN 6 GENERATION 22  100.0  94.918596  53.649193  10.237312
 RUN 6 GENERATION 23  100.0  94.918596  54.570018  11.011763
 RUN 6 GENERATION 24  100.0  94.918596  54.756895  10.977382
 RUN 6 GENERATION 25  100.0  94.918596  55.416232  11.683064
 RUN 6 GENERATION 26  100.0  94.918596  56.528899  12.171823
 RUN 6 GENERATION 27  100.0  94.918596  57.622317  12.104407
 RUN 6 GENERATION 28  100.0  94.918596  57.989598  12.148899
 RUN 6 GENERATION 29  100.0  94.918596  58.356672  12.04353
 RUN 7 GENERATION 0  -30.0  57.073074  -3.550476  9.034886
 RUN 7 GENERATION 1  -30.0  57.073074  1.552712  14.776285
 RUN 7 GENERATION 2  -20.0  66.013548  11.882198  18.951575
 RUN 7 GENERATION 3  -20.0  66.013548  25.687768  14.928007
 RUN 7 GENERATION 4  -20.0  66.013548  37.198205  9.72236
 RUN 7 GENERATION 5  -20.0  66.013548  42.28418  5.61996
 RUN 7 GENERATION 6  -20.0  66.013548  44.187979  6.377494
 RUN 7 GENERATION 7  -20.0  66.013548  45.448055  6.60847
 RUN 7 GENERATION 8  -20.0  66.013548  45.993494  6.419547
 RUN 7 GENERATION 9  -20.0  66.013548  47.326203  6.136151
 RUN 7 GENERATION 10  -20.0  66.013548  48.03392  5.643242
 RUN 7 GENERATION 11  -20.0  66.153561  49.281279  5.227044
 RUN 7 GENERATION 12  -20.0  66.153561  50.266805  4.972001
 RUN 7 GENERATION 13  -20.0  66.174  50.627365  5.271708
 RUN 7 GENERATION 14  100.0  94.858336  51.546142  7.28026
 RUN 7 GENERATION 15  100.0  94.858336  51.547214  7.279746
 RUN 7 GENERATION 16  100.0  94.858336  51.995353  7.424105
 RUN 7 GENERATION 17  100.0  94.858336  51.996839  7.423312
 RUN 7 GENERATION 18  100.0  94.858336  52.26492  7.744839
 RUN 7 GENERATION 19  100.0  94.858336  52.531934  8.041477
 RUN 7 GENERATION 20  100.0  94.858336  52.890795  8.02762
 RUN 7 GENERATION 21  100.0  94.858336  53.163588  8.110422
 RUN 7 GENERATION 22  100.0  94.858336  53.249213  8.099794
 RUN 7 GENERATION 23  100.0  94.858336  53.611609  8.056485
 RUN 7 GENERATION 24  100.0  94.858336  53.790037  8.028176
 RUN 7 GENERATION 25  100.0  94.858336  54.77756  8.497235
 RUN 7 GENERATION 26  100.0  94.858336  55.405548  8.677894
 RUN 7 GENERATION 27  100.0  94.858336  55.6713  8.582972
 RUN 7 GENERATION 28  100.0  94.858336  56.497273  9.245084
 RUN 7 GENERATION 29  100.0  94.858336  57.794051  10.276339
 RUN 8 GENERATION 0  -40.0  48.013548  -2.203739  11.005206
 RUN 8 GENERATION 1  100.0  94.785064  9.121061  19.832061
 RUN 8 GENERATION 2  100.0  94.785064  28.180836  16.057248
 RUN 8 GENERATION 3  100.0  94.785064  39.257229  7.633044
 RUN 8 GENERATION 4  100.0  94.785064  40.791061  6.599614
 RUN 8 GENERATION 5  100.0  94.785064  40.981137  6.668177
 RUN 8 GENERATION 6  100.0  94.785064  41.820406  7.036136
 RUN 8 GENERATION 7  100.0  94.785064  43.080851  8.700509
 RUN 8 GENERATION 8  100.0  94.785064  44.697791  8.82631
 RUN 8 GENERATION 9  100.0  94.785064  46.392788  8.730651
 RUN 8 GENERATION 10  100.0  94.785064  47.457417  8.410701
 RUN 8 GENERATION 11  100.0  94.785064  49.078451  9.211465
 RUN 8 GENERATION 12  100.0  94.785064  49.880541  8.960461
 RUN 8 GENERATION 13  100.0  94.785064  51.592297  9.402319
 RUN 8 GENERATION 14  100.0  94.785064  51.597144  9.400525
 RUN 8 GENERATION 15  100.0  94.785064  51.869522  9.509235
 RUN 8 GENERATION 16  100.0  94.785064  52.237231  9.784022
 RUN 8 GENERATION 17  100.0  94.785064  52.78108  10.114024
 RUN 8 GENERATION 18  100.0  94.785064  52.784143  10.112626
 RUN 8 GENERATION 19  100.0  94.785064  53.421742  10.239476
 RUN 8 GENERATION 20  100.0  94.785064  54.331613  10.594482
 RUN 8 GENERATION 21  100.0  94.785064  55.235931  11.013395
 RUN 8 GENERATION 22  100.0  94.785064  56.240994  11.096098
 RUN 8 GENERATION 23  100.0  94.785064  56.516292  11.000427
 RUN 8 GENERATION 24  100.0  94.785064  56.969105  11.04924
 RUN 8 GENERATION 25  100.0  94.785064  57.246011  11.010181
 RUN 8 GENERATION 26  100.0  94.785064  57.793765  10.984464
 RUN 8 GENERATION 27  100.0  94.785064  58.432817  10.812271
 RUN 8 GENERATION 28  100.0  94.785064  59.16146  10.544288
 RUN 8 GENERATION 29  100.0  94.785064  59.43687  10.368947
 RUN 9 GENERATION 0  -50.0  39.013548  -3.381394  8.112919
 RUN 9 GENERATION 1  -40.0  48.013548  3.3689  14.894582
 RUN 9 GENERATION 2  -40.0  48.013548  21.413866  14.746674
 RUN 9 GENERATION 3  -10.0  75.171054  36.016766  8.667984
 RUN 9 GENERATION 4  -10.0  75.171054  40.49298  5.20647
 RUN 9 GENERATION 5  -10.0  75.171054  42.038487  6.859984
 RUN 9 GENERATION 6  -10.0  75.171054  43.214644  7.346595
 RUN 9 GENERATION 7  -10.0  75.171054  44.753285  8.106999
 RUN 9 GENERATION 8  -10.0  75.171054  45.029268  8.052197
 RUN 9 GENERATION 9  -10.0  75.171054  45.313502  7.985946
 RUN 9 GENERATION 10  -10.0  75.171054  46.842832  8.956637
 RUN 9 GENERATION 11  -10.0  75.171054  48.723343  9.168853
 RUN 9 GENERATION 12  -10.0  75.171054  49.078715  8.960647
 RUN 9 GENERATION 13  -10.0  75.171054  49.974834  9.263805
 RUN 9 GENERATION 14  -10.0  75.171054  50.59956  9.077449
 RUN 9 GENERATION 15  100.0  94.785064  51.601529  9.74891
 RUN 9 GENERATION 16  100.0  94.785064  53.152824  10.63765
 RUN 9 GENERATION 17  100.0  94.785064  53.954703  10.426859
 RUN 9 GENERATION 18  100.0  94.785064  54.132139  10.249448
 RUN 9 GENERATION 19  100.0  94.785064  54.792607  10.886235
 RUN 9 GENERATION 20  100.0  94.785064  55.075904  10.896512
 RUN 9 GENERATION 21  100.0  94.785064  55.623964  10.905415
 RUN 9 GENERATION 22  100.0  94.785064  56.624982  11.100919
 RUN 9 GENERATION 23  100.0  94.785064  57.174648  11.107755
 RUN 9 GENERATION 24  100.0  94.785064  57.721285  11.298199
 RUN 9 GENERATION 25  100.0  94.785064  58.088843  11.269941
 RUN 9 GENERATION 26  100.0  94.785064  58.54558  11.106005
 RUN 9 GENERATION 27  100.0  94.785064  58.640505  11.051975
 RUN 9 GENERATION 28  100.0  94.785064  59.008779  11.059812
 RUN 9 GENERATION 29  100.0  94.785064  59.193473  11.025094