
 RUN 0 GENERATION 0  16.0  85.432484  3.644896  18.837501
 RUN 0 GENERATION 1  26.0  86.39141  23.896803  21.840239
 RUN 0 GENERATION 2  26.0  86.39141  42.561736  17.757608
 RUN 0 GENERATION 3  26.0  86.39141  59.629425  7.003528
 RUN 0 GENERATION 4  26.0  86.39141  61.574323  8.564478
 RUN 0 GENERATION 5  26.0  86.413791  62.417467  9.022804
 RUN 0 GENERATION 6  76.0  91.559745  64.378774  10.407344
 RUN 0 GENERATION 7  76.0  91.559745  66.02809  10.729396
 RUN 0 GENERATION 8  76.0  91.559745  67.110981  11.138053
 RUN 0 GENERATION 9  76.0  91.559745  68.164935  11.180595
 RUN 0 GENERATION 10  76.0  91.559745  70.061379  11.048933
 RUN 0 GENERATION 11  76.0  91.559745  72.149951  10.498931
 RUN 0 GENERATION 12  76.0  91.559745  75.055736  9.287904
 RUN 0 GENERATION 13  76.0  91.559745  77.135965  8.903898
 RUN 0 GENERATION 14  76.0  91.559745  77.820313  8.607647
 RUN 0 GENERATION 15  76.0  91.559745  78.477617  8.131135
 RUN 0 GENERATION 16  76.0  91.559745  79.063637  7.795002
 RUN 0 GENERATION 17  76.0  91.559745  80.023571  7.055962
 RUN 0 GENERATION 18  76.0  91.559745  80.61973  6.551607
 RUN 0 GENERATION 19  76.0  91.559745  81.862459  5.665429
 RUN 0 GENERATION 20  76.0  91.559745  82.355811  5.559233
 RUN 0 GENERATION 21  76.0  91.559745  83.541505  5.055483
 RUN 0 GENERATION 22  76.0  91.559745  84.061666  4.647321
 RUN 0 GENERATION 23  76.0  91.559745  84.390546  4.363828
 RUN 0 GENERATION 24  76.0  91.559745  84.739853  4.031284
 RUN 0 GENERATION 25  76.0  91.559745  85.356993  3.356556
 RUN 0 GENERATION 26  76.0  91.559745  85.809467  2.58278
 RUN 0 GENERATION 27  76.0  91.559745  86.039941  2.056687
 RUN 0 GENERATION 28  76.0  91.559745  86.39372  1.227511
 RUN 0 GENERATION 29  76.0  91.559745  86.447225  1.181
 RUN 1 GENERATION 0  -20.0  65.738508  -0.012198  13.301887
 RUN 1 GENERATION 1  -20.0  65.742332  18.655171  21.100131
 RUN 1 GENERATION 2  26.0  86.39141  40.624572  15.538599
 RUN 1 GENERATION 3  26.0  86.39141  57.201185  6.893821
 RUN 1 GENERATION 4  26.0  86.39141  59.046254  6.442235
 RUN 1 GENERATION 5  26.0  86.39141  60.903642  8.168598
 RUN 1 GENERATION 6  58.0  89.593424  62.159511  9.03057
 RUN 1 GENERATION 7  58.0  89.593424  64.043326  9.971831
 RUN 1 GENERATION 8  58.0  89.593424  64.883983  10.075705
 RUN 1 GENERATION 9  58.0  89.593424  67.086511  10.773105
 RUN 1 GENERATION 10  58.0  89.593424  69.272552  10.87106
 RUN 1 GENERATION 11  58.0  89.593424  71.201998  10.727842
 RUN 1 GENERATION 12  58.0  89.593424  72.201137  10.148255
 RUN 1 GENERATION 13  58.0  89.593424  74.385925  9.457061
 RUN 1 GENERATION 14  58.0  89.593424  75.850052  9.057505
 RUN 1 GENERATION 15  58.0  89.593424  76.442453  8.928038
 RUN 1 GENERATION 16  58.0  89.593424  78.530238  8.348872
 RUN 1 GENERATION 17  58.0  89.593424  80.500446  7.15687
 RUN 1 GENERATION 18  58.0  89.593424  81.461067  6.253708
 RUN 1 GENERATION 19  58.0  89.593424  82.609735  5.190315
 RUN 1 GENERATION 20  58.0  89.593424  83.622851  4.632017
 RUN 1 GENERATION 21  58.0  89.593424  84.424492  3.981122
 RUN 1 GENERATION 22  58.0  89.593424  85.001685  3.321545
 RUN 1 GENERATION 23  58.0  89.593424  85.699598  2.121622
 RUN 1 GENERATION 24  58.0  89.593424  86.210505  0.804992
 RUN 1 GENERATION 25  58.0  89.593424  86.268559  0.74491
 RUN 1 GENERATION 26  58.0  89.593424  86.348929  0.679516
 RUN 1 GENERATION 27  58.0  89.593424  86.407661  0.664144
 RUN 1 GENERATION 28  58.0  89.593424  86.434536  0.64347
 RUN 1 GENERATION 29  58.0  89.593424  86.533104  0.667919
 RUN 2 GENERATION 0  24.0  86.418586  1.151157  16.118838
 RUN 2 GENERATION 1  34.0  87.193424  23.210454  21.265935
 RUN 2 GENERATION 2  34.0  87.193424  37.586244  17.036245
 RUN 2 GENERATION 3  34.0  87.418586  51.682355  13.349919
 RUN 2 GENERATION 4  36.0  87.618586  60.253845  8.129516
 RUN 2 GENERATION 5  36.0  87.618586  63.018902  9.96567
 RUN 2 GENERATION 6  36.0  87.618586  63.962099  10.388847
 RUN 2 GENERATION 7  42.0  88.013791  65.501836  10.944692
 RUN 2 GENERATION 8  42.0  88.013791  68.431569  11.250906
 RUN 2 GENERATION 9  42.0  88.013791  71.076525  10.847631
 RUN 2 GENERATION 10  40.0  88.018586  74.171616  10.132388
 RUN 2 GENERATION 11  40.0  88.018586  76.09166  8.498868
 RUN 2 GENERATION 12  40.0  88.018586  77.938679  7.90633
 RUN 2 GENERATION 13  48.0  88.818586  80.818084  6.123102
 RUN 2 GENERATION 14  48.0  88.818586  81.716618  5.510975
 RUN 2 GENERATION 15  48.0  88.818586  82.617641  5.214545
 RUN 2 GENERATION 16  48.0  88.818586  82.944786  5.051744
 RUN 2 GENERATION 17  48.0  88.818586  84.219351  4.214334
 RUN 2 GENERATION 18  48.0  88.818586  85.181582  3.22809
 RUN 2 GENERATION 19  48.0  88.818586  85.688734  2.207004
 RUN 2 GENERATION 20  48.0  88.818586  86.072877  1.185938
 RUN 2 GENERATION 21  52.0  89.223649  86.218447  1.175341
 RUN 2 GENERATION 22  52.0  89.223649  86.376876  1.12177
 RUN 2 GENERATION 23  52.0  89.223649  86.43075  1.070952
 RUN 2 GENERATION 24  52.0  89.223649  86.491443  1.012454
 RUN 2 GENERATION 25  52.0  89.223649  86.606168  0.938358
 RUN 2 GENERATION 26  52.0  89.223649  86.716848  0.899366
 RUN 2 GENERATION 27  52.0  89.223649  86.744564  0.883263
 RUN 2 GENERATION 28  62.0  90.015851  86.83378  0.90838
 RUN 2 GENERATION 29  62.0  90.015851  86.918477  0.870659
 RUN 3 GENERATION 0  6.0  84.413791  2.509364  16.824029
 RUN 3 GENERATION 1  6.0  84.413791  20.717386  17.252972
 RUN 3 GENERATION 2  6.0  84.413791  36.183305  15.517868
 RUN 3 GENERATION 3  6.0  84.413791  50.658378  11.527925
 RUN 3 GENERATION 4  16.0  85.466602  59.235706  6.380328
 RUN 3 GENERATION 5  16.0  85.466602  59.69189  6.875425
 RUN 3 GENERATION 6  36.0  87.618586  60.630867  7.700834
 RUN 3 GENERATION 7  36.0  87.618586  61.348922  7.93126
 RUN 3 GENERATION 8  36.0  87.618586  61.618993  7.918465
 RUN 3 GENERATION 9  36.0  87.618586  61.990648  7.997594
 RUN 3 GENERATION 10  36.0  87.618586  62.640555  8.223888
 RUN 3 GENERATION 11  36.0  87.618586  63.462168  8.450532
 RUN 3 GENERATION 12  50.0  88.866602  64.803508  9.241142
 RUN 3 GENERATION 13  50.0  88.866602  65.921524  9.234525
 RUN 3 GENERATION 14  50.0  88.866602  66.370819  9.0823
 RUN 3 GENERATION 15  50.0  88.866602  67.422064  9.292931
 RUN 3 GENERATION 16  50.0  88.866602  69.394802  9.287395
 RUN 3 GENERATION 17  50.0  88.866602  69.948208  9.178172
 RUN 3 GENERATION 18  50.0  88.866602  70.482902  8.737881
 RUN 3 GENERATION 19  50.0  88.866602  70.746756  8.548774
 RUN 3 GENERATION 20  50.0  88.866602  71.740437  8.069357
 RUN 3 GENERATION 21  50.0  88.866602  72.420956  8.200795
 RUN 3 GENERATION 22  52.0  89.249357  73.547352  8.534086
 RUN 3 GENERATION 23  52.0  89.249357  74.130623  8.545511
 RUN 3 GENERATION 24  52.0  89.249357  74.917193  8.545929
 RUN 3 GENERATION 25  52.0  89.249357  75.104074  8.437791
 RUN 3 GENERATION 26  52.0  89.249357  76.454493  8.449105
 RUN 3 GENERATION 27  52.0  89.249357  77.651648  8.171598
 RUN 3 GENERATION 28  52.0  89.249357  79.386565  7.177625
 RUN 3 GENERATION 29  52.0  89.249357  80.268465  6.479799
 RUN 4 GENERATION 0  -20.0  65.565453  1.941987  14.389196
 RUN 4 GENERATION 1  28.0  86.59141  23.923757  19.574017
 RUN 4 GENERATION 2  50.0  88.924654  41.999447  15.952507
 RUN 4 GENERATION 3  50.0  88.924654  53.435503  11.194146
 RUN 4 GENERATION 4  50.0  88.924654  59.349596  7.086112
 RUN 4 GENERATION 5  56.0  89.411736  61.096715  9.179992
 RUN 4 GENERATION 6  56.0  89.411736  62.236448  9.860958
 RUN 4 GENERATION 7  56.0  89.411736  63.319959  9.939205
 RUN 4 GENERATION 8  56.0  89.411736  65.571943  10.843282
 RUN 4 GENERATION 9  56.0  89.411736  67.49789  11.195661
 RUN 4 GENERATION 10  56.0  89.411736  71.097377  10.862237
 RUN 4 GENERATION 11  56.0  89.411736  73.135771  9.871953
 RUN 4 GENERATION 12  56.0  89.411736  74.341069  9.281414
 RUN 4 GENERATION 13  62.0  90.013791  77.095066  8.666335
 RUN 4 GENERATION 14  62.0  90.013791  78.716998  8.278186
 RUN 4 GENERATION 15  62.0  90.013791  79.835145  7.756811
 RUN 4 GENERATION 16  70.0  90.873131  81.5576  6.328452
 RUN 4 GENERATION 17  70.0  90.873131  82.683244  5.383668
 RUN 4 GENERATION 18  70.0  90.873131  83.490148  4.988994
 RUN 4 GENERATION 19  70.0  90.873131  83.945797  4.680567
 RUN 4 GENERATION 20  70.0  90.873131  84.758557  3.969079
 RUN 4 GENERATION 21  70.0  90.873131  85.352163  3.260206
 RUN 4 GENERATION 22  70.0  90.873131  86.294898  1.050178
 RUN 4 GENERATION 23  70.0  90.873131  86.457644  0.909737
 RUN 4 GENERATION 24  70.0  90.873131  86.535081  0.858669
 RUN 4 GENERATION 25  70.0  90.873131  86.558711  0.837726
 RUN 4 GENERATION 26  82.0  92.267755  86.67131  1.033349
 RUN 4 GENERATION 27  82.0  92.267755  86.678863  1.028812
 RUN 4 GENERATION 28  82.0  92.267755  86.748666  1.068621
 RUN 4 GENERATION 29  82.0  92.267755  86.754442  1.065107
 RUN 5 GENERATION 0  -60.0  30.213103  -1.368445  9.500688
 RUN 5 GENERATION 1  2.0  84.017915  9.323337  14.588365
 RUN 5 GENERATION 2  52.0  89.208535  26.157758  11.777209
 RUN 5 GENERATION 3  52.0  89.208535  30.142756  13.466796
 RUN 5 GENERATION 4  52.0  89.208535  34.833446  14.461493
 RUN 5 GENERATION 5  64.0  90.213791  46.132523  17.669097
 RUN 5 GENERATION 6  64.0  90.213791  56.23974  13.339531
 RUN 5 GENERATION 7  64.0  90.213791  61.84159  8.716923
 RUN 5 GENERATION 8  76.0  91.529262  64.536557  10.151673
 RUN 5 GENERATION 9  76.0  91.529262  66.751039  10.582484
 RUN 5 GENERATION 10  76.0  91.529262  68.573375  10.650805
 RUN 5 GENERATION 11  76.0  91.529262  69.435377  10.57858
 RUN 5 GENERATION 12  76.0  91.529262  71.134121  10.131003
 RUN 5 GENERATION 13  76.0  91.529262  73.02081  9.347301
 RUN 5 GENERATION 14  76.0  91.529262  74.58241  8.963179
 RUN 5 GENERATION 15  76.0  91.529262  75.203797  9.025161
 RUN 5 GENERATION 16  76.0  91.529262  76.948358  8.797205
 RUN 5 GENERATION 17  76.0  91.529262  79.461446  7.956932
 RUN 5 GENERATION 18  76.0  91.529262  80.216759  7.304638
 RUN 5 GENERATION 19  76.0  91.529262  81.109319  6.523903
 RUN 5 GENERATION 20  76.0  91.529262  82.366659  5.697633
 RUN 5 GENERATION 21  76.0  91.529262  82.944381  5.475804
 RUN 5 GENERATION 22  76.0  91.529262  83.961412  4.878153
 RUN 5 GENERATION 23  76.0  91.529262  84.494747  4.394162
 RUN 5 GENERATION 24  76.0  91.529262  85.439348  3.3949
 RUN 5 GENERATION 25  76.0  91.529262  85.802876  2.85197
 RUN 5 GENERATION 26  76.0  91.529262  86.421026  1.422591
 RUN 5 GENERATION 27  76.0  91.529262  86.531712  1.40471
 RUN 5 GENERATION 28  76.0  91.529262  86.606474  1.344118
 RUN 5 GENERATION 29  76.0  91.529262  86.696364  1.323174
 RUN 6 GENERATION 0  -30.0  56.742332  2.95974  13.692504
 RUN 6 GENERATION 1  -20.0  66.490612  20.828584  14.236856
 RUN 6 GENERATION 2  20.0  85.866602  33.440977  15.463822
 RUN 6 GENERATION 3  20.0  85.866602  48.027863  15.434535
 RUN 6 GENERATION 4  64.0  90.299681  59.752913  8.562728
 RUN 6 GENERATION 5  64.0  90.299681  62.294144  9.689801
 RUN 6 GENERATION 6  64.0  90.299681  64.610708  11.03704
 RUN 6 GENERATION 7  64.0  90.299681  65.646784  11.281543
 RUN 6 GENERATION 8  64.0  90.299681  67.000294  11.709568
 RUN 6 GENERATION 9  64.0  90.299681  68.009427  11.533181
 RUN 6 GENERATION 10  64.0  90.299681  69.964873  11.259214
 RUN 6 GENERATION 11  64.0  90.299681  71.511337  10.884533
 RUN 6 GENERATION 12  64.0  90.299681  73.723907  10.129462
 RUN 6 GENERATION 13  64.0  90.299681  75.190744  9.102073
 RUN 6 GENERATION 14  64.0  90.299681  77.749992  8.673094
 RUN 6 GENERATION 15  64.0  90.299681  78.743577  8.193932
 RUN 6 GENERATION 16  64.0  90.299681  80.023474  7.323066
 RUN 6 GENERATION 17  64.0  90.299681  81.902415  5.669342
 RUN 6 GENERATION 18  64.0  90.299681  83.000366  5.233538
 RUN 6 GENERATION 19  64.0  90.299681  83.634456  4.832342
 RUN 6 GENERATION 20  64.0  90.299681  83.854231  4.67002
 RUN 6 GENERATION 21  64.0  90.299681  84.053597  4.487988
 RUN 6 GENERATION 22  64.0  90.299681  84.479265  4.081089
 RUN 6 GENERATION 23  64.0  90.299681  85.033978  3.431015
 RUN 6 GENERATION 24  64.0  90.299681  86.108767  1.348458
 RUN 6 GENERATION 25  64.0  90.299681  86.183577  1.299676
 RUN 6 GENERATION 26  64.0  90.299681  86.458278  1.256203
 RUN 6 GENERATION 27  64.0  90.299681  86.505103  1.243528
 RUN 6 GENERATION 28  64.0  90.299681  86.604404  1.190358
 RUN 6 GENERATION 29  64.0  90.299681  86.619612  1.175121
 RUN 7 GENERATION 0  -30.0  56.742332  -1.680843  9.95038
 RUN 7 GENERATION 1  -20.0  65.76363  9.935191  16.215937
 RUN 7 GENERATION 2  28.0  86.617915  25.347748  16.241247
 RUN 7 GENERATION 3  28.0  86.617915  40.017663  15.749166
 RUN 7 GENERATION 4  28.0  86.617915  49.795144  15.779333
 RUN 7 GENERATION 5  28.0  86.666602  58.375565  11.827812
 RUN 7 GENERATION 6  34.0  87.19141  63.011827  9.773154
 RUN 7 GENERATION 7  34.0  87.19141  63.958857  10.290924
 RUN 7 GENERATION 8  74.0  91.454579  65.336961  11.103872
 RUN 7 GENERATION 9  74.0  91.454579  66.464954  11.239612
 RUN 7 GENERATION 10  74.0  91.454579  67.550198  11.117492
 RUN 7 GENERATION 11  74.0  91.454579  68.848393  10.949381
 RUN 7 GENERATION 12  74.0  91.454579  70.232949  10.46859
 RUN 7 GENERATION 13  74.0  91.454579  71.553113  10.37529
 RUN 7 GENERATION 14  74.0  91.454579  73.360048  9.900397
 RUN 7 GENERATION 15  74.0  91.454579  74.441028  9.118388
 RUN 7 GENERATION 16  74.0  91.454579  75.77615  8.382131
 RUN 7 GENERATION 17  74.0  91.454579  76.45798  8.088722
 RUN 7 GENERATION 18  74.0  91.454579  77.394428  7.865564
 RUN 7 GENERATION 19  74.0  91.454579  77.935521  7.33803
 RUN 7 GENERATION 20  74.0  91.454579  78.227799  7.179432
 RUN 7 GENERATION 21  74.0  91.454579  79.094658  6.596048
 RUN 7 GENERATION 22  74.0  91.454579  80.097112  5.750437
 RUN 7 GENERATION 23  74.0  91.454579  80.332727  5.766254
 RUN 7 GENERATION 24  74.0  91.454579  80.810239  5.782485
 RUN 7 GENERATION 25  74.0  91.454579  81.342243  5.687631
 RUN 7 GENERATION 26  74.0  91.454579  81.582688  5.654655
 RUN 7 GENERATION 27  74.0  91.454579  81.838011  5.633813
 RUN 7 GENERATION 28  74.0  91.454579  82.062839  5.570415
 RUN 7 GENERATION 29  74.0  91.454579  82.540826  5.442972
 RUN 8 GENERATION 0  -30.0  56.742332  0.597617  13.046587
 RUN 8 GENERATION 1  -10.0  74.717733  18.601963  18.910033
 RUN 8 GENERATION 2  -10.0  74.717733  30.792928  15.934881
 RUN 8 GENERATION 3  54.0  89.27095  42.677369  16.280241
 RUN 8 GENERATION 4  54.0  89.27095  53.777407  10.206733
 RUN 8 GENERATION 5  54.0  89.27095  59.497107  7.311172
 RUN 8 GENERATION 6  54.0  89.27095  60.239261  7.933409
 RUN 8 GENERATION 7  54.0  89.27095  61.182436  8.781253
 RUN 8 GENERATION 8  54.0  89.27095  63.916581  10.702202
 RUN 8 GENERATION 9  54.0  89.27095  67.215484  11.472787
 RUN 8 GENERATION 10  54.0  89.27095  71.693466  11.727404
 RUN 8 GENERATION 11  54.0  89.27095  72.376219  11.615936
 RUN 8 GENERATION 12  54.0  89.27095  76.154277  9.70319
 RUN 8 GENERATION 13  54.0  89.27095  78.366321  8.39566
 RUN 8 GENERATION 14  54.0  89.27095  79.161682  8.096522
 RUN 8 GENERATION 15  54.0  89.27095  80.469435  7.260412
 RUN 8 GENERATION 16  54.0  89.27095  81.409106  6.558804
 RUN 8 GENERATION 17  54.0  89.27095  82.647402  5.347295
 RUN 8 GENERATION 18  54.0  89.27095  83.611183  4.91183
 RUN 8 GENERATION 19  54.0  89.27095  84.403325  4.294003
 RUN 8 GENERATION 20  54.0  89.27095  85.095575  3.555775
 RUN 8 GENERATION 21  56.0  89.393424  85.683534  2.69015
 RUN 8 GENERATION 22  56.0  89.393424  86.269787  1.017622
 RUN 8 GENERATION 23  56.0  89.393424  86.453605  0.839923
 RUN 8 GENERATION 24  56.0  89.393424  86.574056  0.815401
 RUN 8 GENERATION 25  56.0  89.393424  86.64338  0.772155
 RUN 8 GENERATION 26  56.0  89.393424  86.662181  0.757937
 RUN 8 GENERATION 27  56.0  89.393424  86.683956  0.752279
 RUN 8 GENERATION 28  56.0  89.393424  86.69443  0.744936
 RUN 8 GENERATION 29  56.0  89.393424  86.749874  0.773204
 RUN 9 GENERATION 0  -10.0  74.773463  3.749958  17.73008
 RUN 9 GENERATION 1  -10.0  74.884108  20.886436  18.719006
 RUN 9 GENERATION 2  6.0  84.367552  36.866416  16.869502
 RUN 9 GENERATION 3  24.0  86.217915  46.955508  15.521397
 RUN 9 GENERATION 4  24.0  86.217915  55.837683  9.847616
 RUN 9 GENERATION 5  24.0  86.217915  59.351362  6.974365
 RUN 9 GENERATION 6  24.0  86.217915  60.718622  7.421649
 RUN 9 GENERATION 7  26.0  86.39141  62.125404  8.361051
 RUN 9 GENERATION 8  34.0  87.217915  64.105924  9.175719
 RUN 9 GENERATION 9  34.0  87.266602  67.046855  9.890253
 RUN 9 GENERATION 10  34.0  87.266602  69.700925  10.250884
 RUN 9 GENERATION 11  42.0  87.967552  72.058007  10.153304
 RUN 9 GENERATION 12  42.0  87.967552  75.173663  9.047741
 RUN 9 GENERATION 13  52.0  89.218586  77.285411  8.907475
 RUN 9 GENERATION 14  52.0  89.218586  77.575952  8.793401
 RUN 9 GENERATION 15  52.0  89.218586  78.379719  8.499127
 RUN 9 GENERATION 16  52.0  89.218586  79.585508  7.943061
 RUN 9 GENERATION 17  52.0  89.218586  80.662833  7.262034
 RUN 9 GENERATION 18  52.0  89.218586  81.864333  6.188926
 RUN 9 GENERATION 19  54.0  89.295207  83.350341  4.884593
 RUN 9 GENERATION 20  54.0  89.295207  84.470829  3.996446
 RUN 9 GENERATION 21  56.0  89.393424  85.454134  2.857295
 RUN 9 GENERATION 22  56.0  89.393424  86.185958  1.00495
 RUN 9 GENERATION 23  56.0  89.393424  86.312273  0.863278
 RUN 9 GENERATION 24  56.0  89.393424  86.366756  0.790476
 RUN 9 GENERATION 25  56.0  89.393424  86.477904  0.763356
 RUN 9 GENERATION 26  56.0  89.393424  86.544092  0.707146
 RUN 9 GENERATION 27  56.0  89.393424  86.556456  0.698911
 RUN 9 GENERATION 28  56.0  89.393424  86.600222  0.695287
 RUN 9 GENERATION 29  56.0  89.393424  86.678486  0.729223