
 RUN 0 GENERATION 0  80.0  92.44704  13.186961  31.090423
 RUN 0 GENERATION 1  80.0  93.002788  56.720192  30.411681
 RUN 0 GENERATION 2  84.0  93.409567  87.132799  5.639907
 RUN 0 GENERATION 3  84.0  93.409567  90.364989  1.873775
 RUN 0 GENERATION 4  84.0  93.409567  91.661431  0.435186
 RUN 0 GENERATION 5  84.0  93.409567  91.735294  0.429249
 RUN 0 GENERATION 6  84.0  93.409567  91.795394  0.438276
 RUN 0 GENERATION 7  84.0  93.409567  91.860272  0.441168
 RUN 0 GENERATION 8  84.0  93.409567  91.951957  0.442889
 RUN 0 GENERATION 9  84.0  93.409567  92.076484  0.453882
 RUN 0 GENERATION 10  84.0  93.409567  92.098996  0.443476
 RUN 0 GENERATION 11  86.0  93.512404  92.193817  0.456576
 RUN 0 GENERATION 12  86.0  93.512404  92.249042  0.429157
 RUN 0 GENERATION 13  86.0  93.512404  92.290293  0.426069
 RUN 0 GENERATION 14  86.0  93.512404  92.310077  0.420598
 RUN 0 GENERATION 15  86.0  93.512404  92.326768  0.418623
 RUN 0 GENERATION 16  86.0  93.512404  92.381331  0.421506
 RUN 0 GENERATION 17  86.0  93.512404  92.406713  0.41652
 RUN 0 GENERATION 18  86.0  93.512404  92.451531  0.406628
 RUN 0 GENERATION 19  86.0  93.512404  92.487615  0.407442
 RUN 0 GENERATION 20  86.0  93.512404  92.513281  0.398879
 RUN 0 GENERATION 21  86.0  93.512404  92.540298  0.389036
 RUN 0 GENERATION 22  86.0  93.512404  92.625267  0.386129
 RUN 0 GENERATION 23  86.0  93.512404  92.668581  0.370612
 RUN 0 GENERATION 24  86.0  93.512404  92.712253  0.363966
 RUN 0 GENERATION 25  86.0  93.512404  92.74565  0.347812
 RUN 0 GENERATION 26  86.0  93.512404  92.798699  0.336447
 RUN 0 GENERATION 27  86.0  93.512404  92.830104  0.322042
 RUN 0 GENERATION 28  86.0  93.512404  92.85544  0.311752
 RUN 0 GENERATION 29  86.0  93.512404  92.863708  0.309885
 RUN 1 GENERATION 0  82.0  92.690612  8.981405  30.095048
 RUN 1 GENERATION 1  82.0  92.690612  48.557322  34.830818
 RUN 1 GENERATION 2  82.0  92.690612  81.071413  12.933913
 RUN 1 GENERATION 3  82.0  92.690612  88.85337  1.853267
 RUN 1 GENERATION 4  80.0  93.002788  90.187525  1.940884
 RUN 1 GENERATION 5  84.0  93.409567  91.62793  0.589485
 RUN 1 GENERATION 6  84.0  93.409567  91.759222  0.446519
 RUN 1 GENERATION 7  84.0  93.409567  91.849982  0.492853
 RUN 1 GENERATION 8  84.0  93.409567  91.914607  0.524882
 RUN 1 GENERATION 9  84.0  93.409567  91.947013  0.527884
 RUN 1 GENERATION 10  84.0  93.409567  92.034815  0.537499
 RUN 1 GENERATION 11  84.0  93.409567  92.211496  0.516152
 RUN 1 GENERATION 12  84.0  93.409567  92.277696  0.478053
 RUN 1 GENERATION 13  84.0  93.409567  92.390478  0.439869
 RUN 1 GENERATION 14  84.0  93.409567  92.407819  0.42781
 RUN 1 GENERATION 15  84.0  93.409567  92.478956  0.420395
 RUN 1 GENERATION 16  84.0  93.409567  92.528085  0.411948
 RUN 1 GENERATION 17  84.0  93.409567  92.557863  0.396329
 RUN 1 GENERATION 18  84.0  93.409567  92.591622  0.378007
 RUN 1 GENERATION 19  84.0  93.409567  92.609307  0.364012
 RUN 1 GENERATION 20  84.0  93.409567  92.624675  0.347245
 RUN 1 GENERATION 21  84.0  93.409567  92.632714  0.339475
 RUN 1 GENERATION 22  84.0  93.409567  92.656507  0.31387
 RUN 1 GENERATION 23  84.0  93.409567  92.696832  0.30043
 RUN 1 GENERATION 24  84.0  93.409567  92.735908  0.272722
 RUN 1 GENERATION 25  84.0  93.409567  92.766979  0.259201
 RUN 1 GENERATION 26  84.0  93.409567  92.777881  0.24851
 RUN 1 GENERATION 27  84.0  93.409567  92.821059  0.238235
 RUN 1 GENERATION 28  84.0  93.409567  92.821059  0.238235
 RUN 1 GENERATION 29  84.0  93.409567  92.852614  0.245308
 RUN 2 GENERATION 0  70.0  91.490612  8.358848  28.163649
 RUN 2 GENERATION 1  86.0  93.050924  54.590539  33.00256
 RUN 2 GENERATION 2  86.0  93.050924  84.530224  6.863476
 RUN 2 GENERATION 3  86.0  93.050924  90.418585  1.765001
 RUN 2 GENERATION 4  86.0  93.050924  91.591587  0.294004
 RUN 2 GENERATION 5  86.0  93.050924  91.639744  0.349473
 RUN 2 GENERATION 6  86.0  93.050924  91.688719  0.362497
 RUN 2 GENERATION 7  86.0  93.050924  91.729653  0.380609
 RUN 2 GENERATION 8  82.0  93.202788  91.794078  0.415184
 RUN 2 GENERATION 9  82.0  93.202788  91.857702  0.413595
 RUN 2 GENERATION 10  82.0  93.202788  91.929804  0.414617
 RUN 2 GENERATION 11  82.0  93.202788  91.969268  0.398093
 RUN 2 GENERATION 12  82.0  93.202788  92.076097  0.383854
 RUN 2 GENERATION 13  82.0  93.202788  92.134043  0.361096
 RUN 2 GENERATION 14  82.0  93.202788  92.176337  0.32898
 RUN 2 GENERATION 15  82.0  93.202788  92.240802  0.330489
 RUN 2 GENERATION 16  82.0  93.202788  92.289104  0.322488
 RUN 2 GENERATION 17  82.0  93.202788  92.311543  0.31788
 RUN 2 GENERATION 18  82.0  93.202788  92.351142  0.313749
 RUN 2 GENERATION 19  82.0  93.202788  92.365387  0.307135
 RUN 2 GENERATION 20  82.0  93.202788  92.402321  0.297623
 RUN 2 GENERATION 21  82.0  93.202788  92.433389  0.281724
 RUN 2 GENERATION 22  82.0  93.202788  92.445878  0.275751
 RUN 2 GENERATION 23  82.0  93.202788  92.467894  0.263949
 RUN 2 GENERATION 24  82.0  93.202788  92.487837  0.260352
 RUN 2 GENERATION 25  84.0  93.207043  92.520979  0.252008
 RUN 2 GENERATION 26  84.0  93.207043  92.547454  0.240898
 RUN 2 GENERATION 27  84.0  93.207043  92.568601  0.23313
 RUN 2 GENERATION 28  84.0  93.207043  92.580179  0.226508
 RUN 2 GENERATION 29  84.0  93.207043  92.620006  0.219192
 RUN 3 GENERATION 0  50.0  89.478539  12.475251  30.241244
 RUN 3 GENERATION 1  76.0  92.531096  51.216633  31.245962
 RUN 3 GENERATION 2  76.0  92.531096  82.347989  12.273529
 RUN 3 GENERATION 3  80.0  93.002788  90.375262  1.677063
 RUN 3 GENERATION 4  80.0  93.002788  91.549529  0.264006
 RUN 3 GENERATION 5  80.0  93.002788  91.613382  0.317311
 RUN 3 GENERATION 6  84.0  93.207043  91.661319  0.3676
 RUN 3 GENERATION 7  84.0  93.207043  91.685378  0.39168
 RUN 3 GENERATION 8  84.0  93.207043  91.726459  0.422025
 RUN 3 GENERATION 9  84.0  93.207043  91.760149  0.427875
 RUN 3 GENERATION 10  90.0  93.882006  91.813353  0.482483
 RUN 3 GENERATION 11  90.0  93.882006  91.857216  0.495334
 RUN 3 GENERATION 12  90.0  93.882006  91.899708  0.497426
 RUN 3 GENERATION 13  90.0  93.882006  91.948962  0.509531
 RUN 3 GENERATION 14  90.0  93.882006  91.993409  0.509224
 RUN 3 GENERATION 15  90.0  93.882006  92.028505  0.524278
 RUN 3 GENERATION 16  90.0  93.882006  92.065057  0.516077
 RUN 3 GENERATION 17  90.0  93.882006  92.113289  0.510909
 RUN 3 GENERATION 18  90.0  93.882006  92.224254  0.460734
 RUN 3 GENERATION 19  90.0  93.882006  92.278409  0.45953
 RUN 3 GENERATION 20  90.0  93.882006  92.321215  0.457969
 RUN 3 GENERATION 21  90.0  93.882006  92.377067  0.435579
 RUN 3 GENERATION 22  90.0  93.882006  92.418897  0.427333
 RUN 3 GENERATION 23  90.0  93.882006  92.464592  0.399003
 RUN 3 GENERATION 24  90.0  93.882006  92.512762  0.390557
 RUN 3 GENERATION 25  90.0  93.882006  92.525138  0.381721
 RUN 3 GENERATION 26  90.0  93.882006  92.549247  0.380915
 RUN 3 GENERATION 27  90.0  93.882006  92.598877  0.380273
 RUN 3 GENERATION 28  90.0  93.882006  92.633757  0.36791
 RUN 3 GENERATION 29  90.0  93.882006  92.674429  0.360551
 RUN 4 GENERATION 0  82.0  92.690612  14.130496  33.118252
 RUN 4 GENERATION 1  88.0  93.336168  46.143026  36.657227
 RUN 4 GENERATION 2  88.0  93.336168  80.3942  14.254677
 RUN 4 GENERATION 3  88.0  93.336168  89.752404  2.15398
 RUN 4 GENERATION 4  88.0  93.336168  91.205623  1.199569
 RUN 4 GENERATION 5  88.0  93.336168  91.682011  0.42879
 RUN 4 GENERATION 6  88.0  93.336168  91.712668  0.445764
 RUN 4 GENERATION 7  88.0  93.336168  91.771164  0.481845
 RUN 4 GENERATION 8  88.0  93.336168  91.79901  0.483407
 RUN 4 GENERATION 9  88.0  93.336168  91.837673  0.486654
 RUN 4 GENERATION 10  88.0  93.336168  91.876815  0.482911
 RUN 4 GENERATION 11  84.0  93.409567  91.941282  0.494121
 RUN 4 GENERATION 12  84.0  93.409567  92.014824  0.485934
 RUN 4 GENERATION 13  84.0  93.409567  92.062121  0.465506
 RUN 4 GENERATION 14  84.0  93.409567  92.11222  0.458974
 RUN 4 GENERATION 15  84.0  93.409567  92.194618  0.428012
 RUN 4 GENERATION 16  84.0  93.409567  92.298218  0.398888
 RUN 4 GENERATION 17  84.0  93.409567  92.341199  0.38972
 RUN 4 GENERATION 18  84.0  93.409567  92.388298  0.39206
 RUN 4 GENERATION 19  84.0  93.409567  92.430308  0.383609
 RUN 4 GENERATION 20  84.0  93.409567  92.441138  0.377482
 RUN 4 GENERATION 21  84.0  93.409567  92.468953  0.374287
 RUN 4 GENERATION 22  84.0  93.409567  92.5229  0.359749
 RUN 4 GENERATION 23  84.0  93.409567  92.55076  0.341046
 RUN 4 GENERATION 24  84.0  93.409567  92.606031  0.318108
 RUN 4 GENERATION 25  84.0  93.409567  92.636338  0.306169
 RUN 4 GENERATION 26  84.0  93.409567  92.664207  0.289714
 RUN 4 GENERATION 27  84.0  93.409567  92.684758  0.273307
 RUN 4 GENERATION 28  84.0  93.409567  92.698723  0.259795
 RUN 4 GENERATION 29  84.0  93.409567  92.722009  0.248828
 RUN 5 GENERATION 0  72.0  91.848142  8.176322  28.422905
 RUN 5 GENERATION 1  76.0  92.596054  44.144195  34.771695
 RUN 5 GENERATION 2  80.0  92.801503  79.346026  13.767903
 RUN 5 GENERATION 3  80.0  92.937405  88.388458  1.56615
 RUN 5 GENERATION 4  84.0  93.207043  89.240833  1.912213
 RUN 5 GENERATION 5  84.0  93.207043  90.297347  1.857747
 RUN 5 GENERATION 6  84.0  93.207043  91.008793  1.436744
 RUN 5 GENERATION 7  84.0  93.337405  91.682349  0.95508
 RUN 5 GENERATION 8  84.0  93.337405  92.181372  0.550036
 RUN 5 GENERATION 9  84.0  93.337405  92.347366  0.486945
 RUN 5 GENERATION 10  84.0  93.337405  92.543583  0.437356
 RUN 5 GENERATION 11  84.0  93.337405  92.622187  0.409909
 RUN 5 GENERATION 12  92.0  94.209567  92.725923  0.39712
 RUN 5 GENERATION 13  92.0  94.209567  92.780226  0.361272
 RUN 5 GENERATION 14  92.0  94.209567  92.847794  0.322797
 RUN 5 GENERATION 15  92.0  94.209567  92.897569  0.27415
 RUN 5 GENERATION 16  92.0  94.209567  92.910722  0.265143
 RUN 5 GENERATION 17  92.0  94.209567  92.950869  0.246879
 RUN 5 GENERATION 18  92.0  94.209567  92.965197  0.236639
 RUN 5 GENERATION 19  92.0  94.209567  93.000646  0.220921
 RUN 5 GENERATION 20  92.0  94.209567  93.018969  0.22071
 RUN 5 GENERATION 21  92.0  94.209567  93.040507  0.219767
 RUN 5 GENERATION 22  92.0  94.209567  93.067413  0.216764
 RUN 5 GENERATION 23  92.0  94.209567  93.084905  0.212453
 RUN 5 GENERATION 24  92.0  94.209567  93.097071  0.207428
 RUN 5 GENERATION 25  92.0  94.209567  93.121403  0.194726
 RUN 5 GENERATION 26  92.0  94.209567  93.130873  0.187733
 RUN 5 GENERATION 27  92.0  94.209567  93.132232  0.185826
 RUN 5 GENERATION 28  92.0  94.209567  93.138928  0.184944
 RUN 5 GENERATION 29  92.0  94.209567  93.14365  0.185764
 RUN 6 GENERATION 0  70.0  91.732142  16.253474  35.278479
 RUN 6 GENERATION 1  76.0  92.658358  57.586253  33.611217
 RUN 6 GENERATION 2  76.0  92.658358  87.588516  5.452095
 RUN 6 GENERATION 3  82.0  92.690612  91.230853  1.10536
 RUN 6 GENERATION 4  82.0  92.690612  91.674278  0.31936
 RUN 6 GENERATION 5  82.0  93.202788  91.721388  0.375937
 RUN 6 GENERATION 6  82.0  93.202788  91.771056  0.386993
 RUN 6 GENERATION 7  82.0  93.202788  91.844588  0.404217
 RUN 6 GENERATION 8  84.0  93.409567  91.9272  0.418017
 RUN 6 GENERATION 9  84.0  93.409567  92.007975  0.418879
 RUN 6 GENERATION 10  84.0  93.409567  92.07998  0.406211
 RUN 6 GENERATION 11  84.0  93.409567  92.175114  0.370823
 RUN 6 GENERATION 12  84.0  93.409567  92.18951  0.372764
 RUN 6 GENERATION 13  84.0  93.409567  92.264483  0.404918
 RUN 6 GENERATION 14  84.0  93.409567  92.315171  0.412063
 RUN 6 GENERATION 15  84.0  93.409567  92.350894  0.412453
 RUN 6 GENERATION 16  84.0  93.409567  92.407655  0.404751
 RUN 6 GENERATION 17  84.0  93.409567  92.426518  0.397971
 RUN 6 GENERATION 18  84.0  93.409567  92.444836  0.395874
 RUN 6 GENERATION 19  84.0  93.409567  92.477748  0.391166
 RUN 6 GENERATION 20  84.0  93.409567  92.496193  0.38113
 RUN 6 GENERATION 21  84.0  93.409567  92.522895  0.364867
 RUN 6 GENERATION 22  84.0  93.409567  92.535704  0.354038
 RUN 6 GENERATION 23  84.0  93.409567  92.563333  0.33546
 RUN 6 GENERATION 24  84.0  93.409567  92.594991  0.330518
 RUN 6 GENERATION 25  84.0  93.409567  92.620988  0.313986
 RUN 6 GENERATION 26  84.0  93.409567  92.633431  0.300935
 RUN 6 GENERATION 27  86.0  93.518596  92.660109  0.29768
 RUN 6 GENERATION 28  86.0  93.518596  92.690436  0.291608
 RUN 6 GENERATION 29  86.0  93.518596  92.701875  0.286319
 RUN 7 GENERATION 0  70.0  91.490612  18.334664  36.405017
 RUN 7 GENERATION 1  78.0  92.290612  68.757582  20.149571
 RUN 7 GENERATION 2  78.0  92.290612  86.931539  5.286056
 RUN 7 GENERATION 3  82.0  92.64704  90.373435  1.728151
 RUN 7 GENERATION 4  82.0  92.690612  91.54902  0.252462
 RUN 7 GENERATION 5  82.0  92.73194  91.634744  0.332072
 RUN 7 GENERATION 6  86.0  93.17505  91.685548  0.383441
 RUN 7 GENERATION 7  86.0  93.17505  91.70317  0.384312
 RUN 7 GENERATION 8  86.0  93.17505  91.741342  0.400623
 RUN 7 GENERATION 9  88.0  93.33194  91.817749  0.453674
 RUN 7 GENERATION 10  88.0  93.33194  91.856977  0.468107
 RUN 7 GENERATION 11  88.0  93.33194  91.915993  0.477256
 RUN 7 GENERATION 12  88.0  93.33194  91.983421  0.478142
 RUN 7 GENERATION 13  88.0  93.33194  92.052885  0.484471
 RUN 7 GENERATION 14  88.0  93.33194  92.088717  0.47294
 RUN 7 GENERATION 15  88.0  93.33194  92.133792  0.462987
 RUN 7 GENERATION 16  88.0  93.33194  92.180898  0.445688
 RUN 7 GENERATION 17  88.0  93.33194  92.240313  0.4106
 RUN 7 GENERATION 18  88.0  93.33194  92.327896  0.360677
 RUN 7 GENERATION 19  88.0  93.33194  92.372598  0.328616
 RUN 7 GENERATION 20  88.0  93.340414  92.437341  0.31326
 RUN 7 GENERATION 21  88.0  93.340414  92.48158  0.284679
 RUN 7 GENERATION 22  88.0  93.340414  92.525711  0.255427
 RUN 7 GENERATION 23  88.0  93.340414  92.568569  0.225356
 RUN 7 GENERATION 24  88.0  93.340414  92.602099  0.19732
 RUN 7 GENERATION 25  88.0  93.340414  92.617227  0.187143
 RUN 7 GENERATION 26  88.0  93.712404  92.649702  0.199125
 RUN 7 GENERATION 27  88.0  93.712404  92.666005  0.183804
 RUN 7 GENERATION 28  88.0  93.712404  92.689085  0.187167
 RUN 7 GENERATION 29  88.0  93.712404  92.691582  0.184921
 RUN 8 GENERATION 0  76.0  92.596054  17.545859  35.378713
 RUN 8 GENERATION 1  76.0  92.596054  68.751709  23.254653
 RUN 8 GENERATION 2  78.0  92.712404  88.743111  1.793956
 RUN 8 GENERATION 3  80.0  93.002788  89.31349  1.958816
 RUN 8 GENERATION 4  82.0  93.202788  90.224707  1.927178
 RUN 8 GENERATION 5  82.0  93.202788  90.749209  1.673477
 RUN 8 GENERATION 6  82.0  93.202788  91.616104  0.774978
 RUN 8 GENERATION 7  86.0  93.488012  91.925036  0.505327
 RUN 8 GENERATION 8  86.0  93.488012  91.971076  0.487373
 RUN 8 GENERATION 9  86.0  93.488012  92.043782  0.456371
 RUN 8 GENERATION 10  86.0  93.488012  92.114734  0.416977
 RUN 8 GENERATION 11  86.0  93.488012  92.168565  0.39191
 RUN 8 GENERATION 12  86.0  93.488012  92.190073  0.372018
 RUN 8 GENERATION 13  86.0  93.488012  92.208403  0.370687
 RUN 8 GENERATION 14  86.0  93.488012  92.225451  0.379072
 RUN 8 GENERATION 15  86.0  93.488012  92.260577  0.398313
 RUN 8 GENERATION 16  86.0  93.488012  92.296332  0.411638
 RUN 8 GENERATION 17  86.0  93.488012  92.3101  0.406291
 RUN 8 GENERATION 18  86.0  93.488012  92.348713  0.415086
 RUN 8 GENERATION 19  86.0  93.488012  92.391469  0.412971
 RUN 8 GENERATION 20  86.0  93.488012  92.407006  0.410931
 RUN 8 GENERATION 21  86.0  93.488012  92.414257  0.409544
 RUN 8 GENERATION 22  86.0  93.488012  92.428755  0.402574
 RUN 8 GENERATION 23  86.0  93.488012  92.457354  0.396451
 RUN 8 GENERATION 24  86.0  93.488012  92.46925  0.391081
 RUN 8 GENERATION 25  86.0  93.488012  92.501658  0.390213
 RUN 8 GENERATION 26  86.0  93.488012  92.508854  0.384239
 RUN 8 GENERATION 27  86.0  93.488012  92.567063  0.371895
 RUN 8 GENERATION 28  86.0  93.488012  92.587044  0.358728
 RUN 8 GENERATION 29  86.0  93.488012  92.619852  0.34029
 RUN 9 GENERATION 0  70.0  91.490612  10.292794  29.80432
 RUN 9 GENERATION 1  82.0  92.64704  42.437132  36.198404
 RUN 9 GENERATION 2  82.0  92.64704  80.872504  12.911535
 RUN 9 GENERATION 3  82.0  92.64704  89.796613  1.945315
 RUN 9 GENERATION 4  82.0  92.64704  91.483519  0.39992
 RUN 9 GENERATION 5  80.0  93.002788  91.631813  0.333051
 RUN 9 GENERATION 6  80.0  93.002788  91.668229  0.354697
 RUN 9 GENERATION 7  82.0  93.202788  91.761239  0.422771
 RUN 9 GENERATION 8  82.0  93.202788  91.839256  0.463191
 RUN 9 GENERATION 9  82.0  93.202788  91.951485  0.469322
 RUN 9 GENERATION 10  82.0  93.202788  92.05528  0.460183
 RUN 9 GENERATION 11  82.0  93.202788  92.141068  0.409159
 RUN 9 GENERATION 12  84.0  93.409567  92.225464  0.396705
 RUN 9 GENERATION 13  84.0  93.409567  92.284087  0.400745
 RUN 9 GENERATION 14  84.0  93.409567  92.340254  0.394012
 RUN 9 GENERATION 15  84.0  93.409567  92.3693  0.387646
 RUN 9 GENERATION 16  84.0  93.409567  92.446705  0.396438
 RUN 9 GENERATION 17  84.0  93.409567  92.492026  0.37238
 RUN 9 GENERATION 18  84.0  93.409567  92.505108  0.363527
 RUN 9 GENERATION 19  84.0  93.409567  92.515378  0.358633
 RUN 9 GENERATION 20  86.0  93.569562  92.577077  0.36532
 RUN 9 GENERATION 21  86.0  93.569562  92.634187  0.367341
 RUN 9 GENERATION 22  86.0  93.569562  92.686879  0.341812
 RUN 9 GENERATION 23  86.0  93.569562  92.700719  0.3343
 RUN 9 GENERATION 24  86.0  93.569562  92.74755  0.32471
 RUN 9 GENERATION 25  86.0  93.569562  92.790453  0.305209
 RUN 9 GENERATION 26  86.0  93.569562  92.831236  0.284721
 RUN 9 GENERATION 27  86.0  93.569562  92.834726  0.282117
 RUN 9 GENERATION 28  86.0  93.569562  92.851205  0.279716
 RUN 9 GENERATION 29  86.0  93.569562  92.890242  0.274091